1785313229.816587370 809148864 43392
1785313230.825952002 787809024 13033344
1785313231.847879102 752334848 38953216
1785313232.876470802 702644608 88445888
1785313233.900087996 670400448 133672960
1785313234.957713860 668929984 137854208
1785313235.990512120 668459840 137854208
1785313237.046111134 666984768 137854208
1785313238.065421098 666578112 137854208
1785313239.088132783 666302464 137854208
1785313240.096504484 666236096 137854208
1785313241.104310059 666163456 137854208
1785313242.112030420 665761408 137854208
1785313243.120465927 665602752 137854208
1785313244.134242618 665566592 137854208
1785313245.153130642 665550336 137854208
1785313246.397583672 665517056 137854208
1785313247.413888926 665384512 137854208
1785313248.441175993 665108160 137854208
1785313249.453101795 664968640 137854208
1785313250.465446529 664890304 137854208
1785313251.474909622 664714688 137854208
1785313252.485221457 664485568 137854208
1785313253.500163200 663058880 137854208
1785313254.515078224 662578624 137854208
1785313255.527814242 662460352 137854208
1785313256.538175547 662428480 137854208
1785313257.547754956 662338240 137854208
1785313258.558297024 662103488 137854208
1785313259.571253804 662021312 137854208
1785313260.584043196 661760448 137854208
1785313261.597888748 661426240 137854208
1785313262.609910868 660649792 137854208
1785313263.620976760 658543424 137854208
1785313264.632131426 656952832 137854208
1785313265.643217882 655231168 137854208
1785313266.653786593 655214976 137854208
1785313267.664131662 655213760 137854208
1785313268.674568856 654877760 137854208
1785313269.684852743 653669056 137854208
1785313270.696553016 650064256 137988160
1785313271.712296600 615312256 137988160
1785313272.723399269 510047744 137988416
1785313273.734528594 509798720 137988416
1785313274.745612736 509006656 137988416
1785313275.756683310 508788480 137988416
1785313276.767689727 509352640 137988416
1785313277.778825579 509921280 137988416
1785313278.789139921 509898304 137988416
1785313279.799152768 317050496 137988416
1785313280.816499502 314237248 137988416
1785313281.836177014 312777280 137988416
1785313282.876400714 310229824 137988416
1785313283.893246729 309634880 137988416
1785313284.905201180 309383360 137988736
1785313285.917591554 308347904 137989696
1785313286.928529013 308184000 137989696
1785313287.938557027 308131200 137989696
1785313288.948680750 308277376 137989696
1785313289.959088145 307910528 137989696
1785313290.969068225 308293120 137989696
1785313291.979223179 308093824 137989696
1785313292.989180443 308233984 137989696
1785313294.001374184 306852288 137989696
1785313295.016096422 306042624 137989696
1785313296.027006810 305383104 137989696
1785313297.038080008 305291264 137989696
1785313298.049101240 305154432 137989696
1785313299.060109256 304770752 137989696
1785313300.078370555 303828544 137989696
1785313301.093790213 300137792 138123584
1785313302.104888595 300132992 138123584
1785313303.114960160 300104384 138123584
1785313304.124845522 300091520 138123584
1785313305.134843937 300070784 138123584
1785313306.144942254 300057920 138123584
1785313307.155632263 300037184 138123584
1785313308.166709878 299944000 138123584
1785313309.177329746 299939392 138123584
1785313310.187916271 299922560 138123584
1785313311.198385840 299234112 138123584
1785313312.209111625 296495744 138123584
1785313313.219130231 296490944 138123584
1785313314.228831023 296486336 138123584
1785313315.238592742 296481344 138123584
1785313316.248205601 296476928 138123584
1785313317.257900313 296472320 138123584
1785313318.267446870 296467328 138123584
1785313319.277023378 296462720 138123584
1785313320.287098271 296454080 138123584
1785313321.296945843 296433216 138123584
1785313322.307153244 296411904 138123584
1785313323.317132203 296351040 138123584
1785313324.327267670 296326464 138123584
1785313325.337715096 296307072 138123584
1785313326.348805222 296158272 138123584
1785313327.359708217 296153664 138123584
1785313328.369624619 296133120 138123584
1785313329.379654481 295963520 138123584
1785313330.389677789 295958144 138123584
1785313331.400174074 295134528 138123584
1785313332.411287078 295263040 138123584
1785313333.421484492 292952896 138123584
1785313334.431436762 294920384 138123584
1785313335.441268843 292878144 138123584
1785313336.451431528 294162752 138123584
1785313337.461701188 292500224 138123584
1785313338.472002592 292179392 138123584
1785313339.482634321 291957760 138123584
1785313340.493041705 290981824 138123584
1785313341.503416515 289967936 138123584
1785313342.514286797 289388288 138123584
1785313343.524883008 288930240 138123584
1785313344.535423412 288319168 138123584
1785313345.545972232 287853184 138123584
1785313346.556567227 286956096 138123584
1785313347.567703933 286537024 138123584
1785313348.578040504 286533184 138123584
1785313349.588030716 286113856 138123584
1785313350.598184188 286218688 138123584
1785313351.607708879 286244096 138123584
1785313352.617488474 286082752 138123584
1785313353.628062957 286019392 138123584
1785313354.639263342 285617472 138123584
1785313355.648838175 285688832 138123584
1785313356.658535021 285712640 138123584
1785313357.668793770 285833600 138123584
1785313358.682814421 359854208 65871232
1785313359.693200142 423243392 312768
1785313360.703221330 423243392 312768
1785313361.712928543 423243392 312768
1785313362.722758409 423227712 312768
1785313363.732471542 423220224 312768
1785313364.742172323 422248192 312768
1785313365.752563676 422240704 312768
1785313366.762330856 422232640 312768
1785313367.772377355 422232832 312768
1785313368.781930973 422226304 312768
1785313369.791482095 422226496 312768
1785313370.801088063 422227840 312768
1785313371.810706288 422211904 312768
1785313372.820573976 422191104 312768
1785313373.830183976 422191680 312768
1785313374.839893302 422184192 312768
1785313375.849590883 422177472 312768
1785313376.859189268 422177472 312768
1785313377.868717159 422161344 312768
1785313378.878432948 422161344 312768
1785313379.887861257 422162496 312768
1785313380.897562679 422154432 312768
1785313381.907183399 422155008 312768
1785313382.916823734 422154816 312768
1785313383.926526468 422082816 312768
1785313384.936315503 422083584 312768
1785313385.945878880 422075520 312768
1785313386.955329877 422077056 312768
1785313387.964953701 422077248 312768
1785313388.974524087 422069376 312768
1785313389.984196517 422062656 312768
1785313390.993761815 422054592 312768
1785313392.003315145 422055936 312768
1785313393.012722623 422056512 312768
1785313394.022432844 422056704 312768
1785313395.032046461 422058240 312768
1785313396.041523889 422043456 312768
1785313397.051051843 422044032 312768
1785313398.060716818 422044608 312768
1785313399.070137512 422037888 312768
1785313400.079768835 422038464 312768
1785313401.089415433 422038464 312768
1785313402.099196780 422022336 312768
1785313403.109277573 422022912 312768
1785313404.119110823 422016384 312768
1785313405.128964711 422016576 312768
1785313406.138655532 422016576 312768
1785313407.148307827 422009856 312768
1785313408.157878876 422001984 312768
1785313409.167432230 421995264 312768
1785313410.177064397 421995264 312768
1785313411.186664598 421996608 312768
1785313412.196289693 421997184 312768
1785313413.206277209 421996992 312768
1785313414.216280245 421933440 312768
1785313415.227155767 421925376 312768
1785313416.237243024 421926720 312768
1785313417.247420807 421918848 312768
1785313418.257974866 421918848 312768
1785313419.268135689 421926720 312768
1785313420.278115685 421910592 312768
1785313421.287948487 421911168 312768
1785313422.297601293 421912512 312768
1785313423.307259859 421912704 312768
1785313424.316986456 421914048 312768
1785313425.326702717 421914240 312768
1785313426.336357763 421899456 312768
1785313427.346064328 421900032 312768
1785313428.355944776 421900608 312768
1785313429.365884358 421910016 312768
1785313430.375501326 421910016 312768
1785313431.385129301 421910016 312768
1785313432.394855321 421902144 312768
1785313433.404496065 421903488 312768
1785313434.414362720 421903680 312768
1785313435.423934057 421905216 312768
1785313436.433496723 421905408 312768
1785313437.443092539 421906752 312768
1785313438.452734434 421899264 312768
1785313439.462374250 421899264 312768
1785313440.472246185 421891968 312768
1785313441.482125769 421892928 312768
1785313442.491988617 421894464 312768
1785313443.501846154 421836480 312768
1785313444.511634828 421828608 312768
1785313445.521090201 421830144 312768
1785313446.530665474 421830144 312768
