1785313116.519760458 802903744 43392
1785313117.531127221 787026304 13727936
1785313118.555461882 752783168 50616320
1785313119.580556297 724529472 72290240
1785313120.600470056 695960576 101371520
1785313121.614330478 670962560 135984384
1785313122.630225117 669275584 137862272
1785313123.647241068 667474432 137862272
1785313124.656653358 667237184 137862272
1785313125.665987954 666748032 137862272
1785313126.674750214 666600256 137862272
1785313127.683124293 666555328 137862272
1785313128.691281834 666492544 137862272
1785313129.700219065 666115648 137862272
1785313130.711237903 665944064 137862272
1785313131.721614806 665875520 137862272
1785313132.734227360 665855360 137862272
1785313133.914102698 665811008 137862272
1785313134.928605791 665702656 137862272
1785313135.937407249 665474368 137862272
1785313136.947013102 665244096 137862272
1785313137.959032328 665168512 137862272
1785313138.968337069 665023168 137862272
1785313139.977074274 664869952 137862272
1785313140.986376167 663388800 137862272
1785313141.999195403 662923264 137862272
1785313143.012054061 662665856 137862272
1785313144.021765863 662643968 137862272
1785313145.031426818 662593856 137862272
1785313146.041454899 662340096 137862272
1785313147.054197657 662210880 137862272
1785313148.067751112 662068608 137862272
1785313149.083001928 661692480 137862272
1785313150.097449567 661159680 137862272
1785313151.109608596 659599296 137862272
1785313152.121566288 657245568 137862272
1785313153.132617189 655526336 137862272
1785313154.143349538 655516160 137862272
1785313155.153492208 655511104 137862272
1785313156.163948949 655171456 137862272
1785313157.174230879 652788672 137862272
1785313158.184310735 650349312 137996224
1785313159.193848781 605563456 137996224
1785313160.201296166 504110144 137996224
1785313161.208652321 502012352 137996224
1785313162.215973085 495390976 137996224
1785313163.223273434 505104832 137996224
1785313164.230718707 505595712 137996224
1785313165.238544289 316566336 137996224
1785313166.251266215 314405696 137996288
1785313167.270317790 312138560 137996480
1785313168.285409218 310966464 137996480
1785313169.294170614 310103616 137996800
1785313170.302544213 309125440 137997760
1785313171.310346820 309149120 137997760
1785313172.318033846 309068480 137997760
1785313173.325221238 309297536 137997760
1785313174.332458292 308882304 137997760
1785313175.339819119 308939200 137997760
1785313176.347276711 309067712 137997760
1785313177.354550501 308962304 137997760
1785313178.361970494 308233728 137997760
1785313179.369699983 306680832 137997760
1785313180.377211494 307234880 137997760
1785313181.384688026 306367552 137997760
1785313182.391844694 306201152 137997760
1785313183.399057457 305942272 137997760
1785313184.406230285 305017920 137997760
1785313185.413858204 301215936 138131648
1785313186.421517994 300687552 138131648
1785313187.428612712 300680640 138131648
1785313188.435746053 300664256 138131648
1785313189.442546283 300653120 138131648
1785313190.449500237 300639296 138131648
1785313191.456261876 300628736 138131648
1785313192.463324403 300509312 138131648
1785313193.470531534 300463232 138131648
1785313194.477290517 300457472 138131648
1785313195.484359092 300448384 138131648
1785313196.491634541 297038784 138131648
1785313197.498933701 297034368 138131648
1785313198.505624495 297013824 138131648
1785313199.512225210 297009024 138131648
1785313200.518672906 297004416 138131648
1785313201.525218647 296992128 138131648
1785313202.531730630 296986944 138131648
1785313203.538307378 296981376 138131648
1785313204.544863647 296971968 138131648
1785313205.551381357 296964480 138131648
1785313206.558335695 296957952 138131648
1785313207.565323696 296947968 138131648
1785313208.572234579 296890752 138131648
1785313209.578932476 296880960 138131648
1785313210.586144150 296739648 138131648
1785313211.593457326 296732544 138131648
1785313212.600370673 296724992 138131648
1785313213.607545261 296591744 138131648
1785313214.614752360 296574528 138131648
1785313215.621889029 293245824 138131648
1785313216.629197341 293226304 138131648
1785313217.636172574 295689792 138131648
1785313218.643048706 293421568 138131648
1785313219.649843752 295041920 138131648
1785313220.656652654 294658816 138131648
1785313221.663600272 293090816 138131648
1785313222.670392471 292734144 138131648
1785313223.677528820 292974720 138131648
1785313224.684814188 291632064 138131648
1785313225.692186883 290851584 138131648
1785313226.699503387 290068608 138131648
1785313227.706651831 289720320 138131648
1785313228.714069036 289188160 138131648
1785313229.721459778 288694400 138131648
1785313230.729124688 288179904 138131648
1785313231.736946298 287209280 138131648
1785313232.744891456 287163648 138131648
1785313233.752017437 286986240 138131648
1785313234.759382196 286532608 138131648
1785313235.766799497 286621248 138131648
1785313236.774108673 285735168 138131648
1785313237.781531926 286947200 138131648
1785313238.790196296 286401664 138131648
1785313239.796969455 286489152 138131648
1785313240.803683160 286518144 138131648
1785313241.810264164 286385856 138131648
1785313242.816949933 286482496 138131648
1785313243.824150792 423775424 312768
1785313244.831249318 423772928 312768
1785313245.837789629 423763136 312768
1785313246.844348416 423760448 312768
1785313247.851039903 423749568 312768
1785313248.857745597 423077120 312768
1785313249.864607671 422884352 312768
1785313250.871612494 422881280 312768
1785313251.878210864 422318208 312768
1785313252.884979308 422315328 312768
1785313253.891663499 422310400 312768
1785313254.898207119 422307328 312768
1785313255.904874158 422304448 312768
1785313256.911648267 422301376 312768
1785313257.918315211 422291392 312768
1785313258.924851118 422288448 312768
1785313259.931379218 422286720 312768
1785313260.938006770 422283648 312768
1785313261.944438841 422280576 312768
1785313262.950791521 422277312 312768
1785313263.957399586 422266176 312768
1785313264.964291356 422263680 312768
1785313265.970929884 422264256 312768
1785313266.977538526 422265600 312768
1785313267.984067137 422258560 312768
1785313268.990940539 422204416 312768
1785313269.997846740 422204032 312768
1785313271.004774604 422201152 312768
1785313272.011690949 422197312 312768
1785313273.018539520 422196736 312768
1785313274.025236671 422194048 312768
1785313275.031954141 422182912 312768
1785313276.038532319 422179840 312768
1785313277.045024836 422176768 312768
1785313278.051582887 422173888 312768
1785313279.058043916 422170752 312768
1785313280.064849512 422167104 312768
1785313281.071592261 422159040 312768
1785313282.078140168 422157504 312768
1785313283.084718859 422155008 312768
1785313284.091137073 422130240 312768
1785313285.097664533 422127936 312768
1785313286.104204440 422125440 312768
1785313287.110655838 422115456 312768
1785313288.117194977 422112576 312768
1785313289.123797187 422110656 312768
1785313290.130383876 422107392 312768
1785313291.137085091 422106048 312768
1785313292.143545864 422102976 312768
1785313293.150004174 422092800 312768
1785313294.156611087 422089920 312768
1785313295.163238704 422088192 312768
1785313296.169754452 422085120 312768
1785313297.176275576 422084160 312768
1785313298.183915869 422080896 312768
1785313299.190513598 422069952 312768
1785313300.197315258 422067264 312768
1785313301.206102783 422063808 312768
1785313302.213054294 422061888 312768
1785313303.219717783 422058432 312768
1785313304.226445749 422057280 312768
1785313305.233219185 422047680 312768
1785313306.239961871 422043840 312768
1785313307.246593519 421957376 312768
1785313308.253419979 421957120 312768
1785313309.259947598 421953088 312768
1785313310.266568030 421949824 312768
1785313311.273428974 421947328 312768
1785313312.280100932 421947136 312768
1785313313.286635293 421938112 312768
1785313314.293277748 421938304 312768
1785313315.299797422 421938560 312768
1785313316.306493347 421929152 312768
1785313317.313170552 421908864 312768
1785313318.319854414 421907328 312768
1785313319.326534563 421895424 312768
1785313320.333456338 421894272 312768
1785313321.340437183 421886400 312768
1785313322.347303119 421884864 312768
1785313323.354120064 421884480 312768
1785313324.360786902 421876608 312768
1785313325.367423085 421875072 312768
1785313326.374283165 421866624 312768
1785313327.381007345 421867968 312768
1785313328.387969823 421843328 312768
1785313329.395015658 421835456 312768
1785313330.401821756 421835456 312768
1785313331.408672013 421837376 312768
