1785320114.816591970 802768128 43392
1785320115.826821573 796319872 6184576
1785320116.898299421 774495168 30350016
1785320117.965638962 756794432 46451648
1785320118.993679904 732478144 70982080
1785320120.032410766 708517888 93668224
1785320121.089307387 682041984 120699008
1785320122.395749395 671822912 137862272
1785320123.422450217 671355456 137862272
1785320124.441598690 671315264 137862272
1785320125.449745636 671281088 137862272
1785320126.457064702 671246976 137862272
1785320127.467175590 670822272 137862272
1785320128.507047729 670563456 137862272
1785320129.523028745 670367808 137862272
1785320130.566856573 670358784 137862272
1785320131.593616113 670342080 137862272
1785320132.631097445 670315200 137862272
1785320133.836185626 670270144 137862272
1785320134.853395180 670144384 137862272
1785320135.865028070 669726912 137862272
1785320136.895923870 669499776 137862272
1785320137.907665998 669403136 137862272
1785320138.919465374 669353792 137862272
1785320139.933116055 669156416 137862272
1785320140.947131813 669042752 137862272
1785320141.966067872 668433536 137862272
1785320142.982703808 667141696 137862272
1785320144.008030429 666609664 137862272
1785320145.020645428 666413504 137862272
1785320146.030911346 666392576 137862272
1785320147.040506629 666320256 137862272
1785320148.050713924 666091648 137862272
1785320149.062545011 665939136 137862272
1785320150.077601666 665813248 137862272
1785320151.092322492 665429568 137862272
1785320152.103017292 664304512 137862272
1785320153.114208527 663249600 137862272
1785320154.126159867 671587968 137862272
1785320155.153578137 671527296 137862272
1785320156.163257352 671452480 137862272
1785320157.173676034 670935744 137862272
1785320158.183580490 669714112 137862272
1785320159.193990884 665966208 137996224
1785320160.214011135 663241664 137996224
1785320161.244333638 519928768 137996224
1785320162.262057446 522436672 137996224
1785320163.272416097 560275328 137962752
1785320164.282045170 554734336 137962752
1785320165.291259343 556365120 137962752
1785320166.301451823 566351552 137962752
1785320167.311666223 681273408 137862336
1785320168.320965130 681266688 137862336
1785320169.329943758 681261568 137862336
1785320170.338748439 681257728 137862336
1785320171.347320424 681252736 137862336
1785320172.356066931 681248128 137862336
1785320173.364699042 681242752 137862336
1785320174.373317393 681237568 137862336
1785320175.381987039 681232960 137862336
1785320176.390700171 681228160 137862336
1785320177.399387128 681222400 137862336
1785320178.407938121 681217792 137862336
1785320179.416719475 681213376 137862336
1785320180.425493726 681206848 137862336
1785320181.434393860 681201664 137862336
1785320182.443426887 681196288 137862336
1785320183.452296367 681191296 137862336
1785320184.460809505 681186688 137862336
1785320185.469353842 681181888 137862336
1785320186.477853541 681177088 137862336
1785320187.486473524 681172480 137862336
1785320188.495140290 681167872 137862336
1785320189.504252098 681064384 137862336
1785320190.513426017 681059776 137862336
1785320191.521941363 681055168 137862336
1785320192.530474245 681050176 137862336
1785320193.539207664 681044800 137862336
1785320194.548035769 681040384 137862336
1785320195.556315666 681035584 137862336
1785320196.564714792 681030784 137862336
1785320197.573384629 680967424 137862336
1785320198.582214686 680962624 137862336
1785320199.590741648 680957824 137862336
1785320200.599141318 680953216 137862336
1785320201.607282083 680948608 137862336
1785320202.615864147 680943488 137862336
1785320203.624344647 680938880 137862336
1785320204.632762812 680933312 137862336
1785320205.641455305 680928896 137862336
1785320206.650215700 680927168 137862336
1785320207.658743654 680925440 137862336
1785320208.667606574 680922752 137862336
1785320209.676080610 680920640 137862336
1785320210.684535766 680919104 137862336
1785320211.692914444 680917568 137862336
1785320212.701591194 680914112 137862336
1785320213.710235016 680909696 137862336
1785320214.718862007 680904896 137862336
1785320215.727520869 680899712 137862336
1785320216.736200435 680894144 137862336
1785320217.744824546 680890880 137862336
1785320218.753425394 680886080 137862336
1785320219.761957027 680881664 137862336
1785320220.770592882 680876672 137862336
1785320221.779150851 680871680 137862336
1785320222.787928750 680867072 137862336
1785320223.796328964 680861696 137862336
1785320224.805028656 680856896 137862336
1785320225.813508324 680852480 137862336
1785320226.822068469 680846528 137862336
1785320227.830693828 680780096 137862336
1785320228.840140251 680776448 137862336
1785320229.848700652 680774912 137862336
1785320230.857383929 680772736 137862336
1785320231.866092709 680768320 137862336
1785320232.874870992 680743360 137862336
1785320233.883638907 680738176 137862336
1785320234.893469414 680733568 137862336
1785320235.903522346 680728960 137862336
1785320236.913389972 680723968 137862336
1785320237.923254879 680718976 137862336
1785320238.933057546 680713984 137862336
1785320239.942660829 680709184 137862336
1785320240.952445737 680704000 137862336
1785320241.963733353 680699392 137862336
1785320242.973501110 680694592 137862336
1785320243.983530619 680689600 137862336
1785320244.993150668 680684992 137862336
1785320246.002839931 680680000 137862336
1785320247.012498700 680675008 137862336
1785320248.022000513 680670400 137862336
1785320249.031654193 680665600 137862336
1785320250.041430974 680660800 137862336
1785320251.051375878 680655616 137862336
1785320252.060955288 680651200 137862336
1785320253.070424398 680646208 137862336
1785320254.080372022 680641216 137862336
1785320255.089908138 680636608 137862336
1785320256.099474589 680631808 137862336
1785320257.108949170 680626816 137862336
1785320258.118766398 680560960 137862336
1785320259.128665927 680556160 137862336
1785320260.138452947 680551552 137862336
1785320261.148173473 680546944 137862336
1785320262.157936558 680542144 137862336
1785320263.167530369 680537344 137862336
1785320264.177062933 680532736 137862336
1785320265.186679366 680447424 137862336
1785320266.196253649 680443968 137862336
1785320267.206047931 680439168 137862336
1785320268.215549262 680434560 137862336
1785320269.225160318 680429760 137862336
1785320270.234917961 680424768 137862336
1785320271.244610775 680419776 137862336
1785320272.254277317 680415360 137862336
1785320273.263744536 680410560 137862336
1785320274.273214988 680405760 137862336
1785320275.282803357 680400960 137862336
1785320276.292478890 680396160 137862336
1785320277.301932990 680391744 137862336
1785320278.311488272 680386752 137862336
1785320279.321136574 680380416 137862336
1785320280.330778861 680377152 137862336
1785320281.340348894 680370624 137862336
1785320282.349803666 680366016 137862336
1785320283.359486336 680361408 137862336
1785320284.369001875 680356032 137862336
1785320285.378673345 680351616 137862336
1785320286.388139957 680346816 137862336
1785320287.397668199 680284224 137862336
1785320288.407188473 680279616 137862336
1785320289.416810056 680275008 137862336
1785320290.426606066 680270208 137862336
1785320291.436334558 680265600 137862336
1785320292.445844273 680260992 137862336
1785320293.455642843 680256000 137862336
1785320294.465364903 680251008 137862336
1785320295.475138994 680246208 137862336
1785320296.485065720 680241216 137862336
1785320297.494724423 680236800 137862336
1785320298.504491986 680232000 137862336
1785320299.514356282 680227392 137862336
1785320300.524210530 680222592 137862336
1785320301.534375777 680217664 137862336
1785320302.544245321 680212480 137862336
1785320303.553888632 680207872 137862336
1785320304.563417706 680202880 137862336
1785320305.573321937 680198272 137862336
1785320306.583455857 680193472 137862336
1785320307.593147711 680188672 137862336
1785320308.602828524 680183872 137862336
1785320309.612551000 680179072 137862336
1785320310.622259493 680175424 137862336
1785320311.631880053 680171008 137862336
1785320312.641554114 680168512 137862336
1785320313.651178066 680165056 137862336
1785320314.660594695 680161792 137862336
1785320315.669954910 680159680 137862336
1785320316.679549646 680155264 137862336
1785320317.689499284 680093824 137862336
1785320318.699162658 680090752 137862336
1785320319.708613462 680086528 137862336
1785320320.718185607 680083648 137862336
1785320321.727802102 680080384 137862336
1785320322.737460261 680076736 137862336
1785320323.746876378 680074048 137862336
1785320324.756480970 680070400 137862336
1785320325.766321075 680067904 137862336
1785320326.775986849 680064448 137862336
1785320327.785493300 680061376 137862336
1785320328.795333917 680057728 137862336
1785320329.804923309 680055808 137862336
1785320330.814360930 680051392 137862336
1785320331.824144560 680048128 137862336
1785320332.833950834 680044864 137862336
1785320333.843756148 680041984 137862336
1785320334.853446842 680038144 137862336
1785320335.862975876 680036032 137862336
1785320336.872900098 680032960 137862336
1785320337.882582439 680030272 137862336
1785320338.892365930 680027392 137862336
1785320339.901949746 680025088 137862336
1785320340.911907952 680022784 137862336
1785320341.922020073 680021056 137862336
1785320342.931740685 680014528 137862336
1785320343.941466897 680012224 137862336
1785320344.951176438 680009920 137862336
1785320345.960737375 680007424 137862336
1785320346.970340071 680003008 137862336
1785320347.980183144 679942912 137862336
1785320348.990249730 679939264 137862336
1785320349.999805867 679944832 137862336
1785320351.009472337 679942528 137862336
1785320352.019093112 679940032 137862336
1785320353.028852476 679936384 137862336
1785320354.038494243 679934656 137862336
1785320355.047999213 679932352 137862336
1785320356.057537175 679931584 137862336
1785320357.067000867 679931392 137862336
1785320358.076332115 679932352 137862336
1785320359.085687682 679917568 137862336
1785320360.095156398 679918144 137862336
1785320361.104559868 679918720 137862336
1785320362.114137668 679918720 137862336
1785320363.123739116 679918912 137862336
1785320364.133379027 679912192 137862336
1785320365.142863326 679906048 137862336
1785320366.152411176 679899520 137862336
1785320367.161871700 679901248 137862336
1785320368.171350495 679902592 137862336
1785320369.180810795 679895296 137862336
1785320370.190556335 679889152 137862336
1785320371.200030683 679890496 137862336
1785320372.209546533 679883008 137862336
1785320373.219327784 679884160 137862336
1785320374.229010765 679878784 137862336
1785320375.238669619 679870912 137862336
1785320376.248429943 679872448 137862336
1785320377.258076605 679809280 137862336
1785320378.267758595 679810816 137862336
1785320379.277118610 679804096 137862336
1785320380.286605053 679805056 137862336
1785320381.295998219 679799872 137862336
1785320382.305472183 679793344 137862336
1785320383.314934851 679803328 137862336
1785320384.324124503 679796800 137862336
1785320385.333126193 679798912 137862336
1785320386.342244999 679756352 137862336
1785320387.351500409 679754176 137862336
1785320388.360786346 679751360 137862336
1785320389.370072155 679748160 137862336
1785320390.379670116 679744512 137862336
1785320391.389119536 679741440 137862336
1785320392.398800118 679737216 137862336
1785320393.408267073 679732992 137862336
1785320394.417425398 679728768 137862336
1785320395.426803798 679724736 137862336
1785320396.436146706 679721664 137862336
1785320397.445609706 679718784 137862336
1785320398.454857832 679715904 137862336
1785320399.464223619 679721088 137862336
1785320400.473593150 679716096 137862336
1785320401.482963833 679711488 137862336
1785320402.492562445 679707648 137862336
1785320403.501905864 679703040 137862336
1785320404.511393407 679698432 137862336
1785320405.520829208 679695552 137862336
1785320406.530352590 679690752 137862336
1785320407.539888772 679641792 137862336
1785320408.549354940 679638144 137862336
1785320409.558800469 679643520 137862336
1785320410.567957462 679639680 137862336
1785320411.577486732 679637952 137862336
1785320412.586924197 679635072 137862336
1785320413.596593142 679631616 137862336
1785320414.606237417 679628928 137862336
1785320415.615690850 679623424 137862336
1785320416.625073980 679620544 137862336
1785320417.634460918 679619200 137862336
1785320418.643949550 679613824 137862336
1785320419.653519779 679612096 137862336
1785320420.663298513 679607872 137862336
1785320421.673314233 679603264 137862336
1785320422.683023050 679599936 137862336
1785320423.692328583 679596096 137862336
1785320424.701814654 679592640 137862336
1785320425.711233175 679589760 137862336
1785320426.720611474 679587072 137862336
1785320427.729881775 679583744 137862336
1785320428.739153485 679580672 137862336
1785320429.748633509 679577792 137862336
1785320430.758332598 679573184 137862336
1785320431.767852044 679570304 137862336
1785320432.777300484 679575872 137862336
1785320433.786920344 679571840 137862336
1785320434.796565706 679568960 137862336
1785320435.806319482 679566080 137862336
1785320436.815999755 679561856 137862336
1785320437.825655933 679526144 137862336
1785320438.835361902 679523840 137862336
1785320439.844928611 679519808 137862336
1785320440.854555862 679520192 137862336
1785320441.864169418 679518848 137862336
1785320442.873563780 679517696 137862336
1785320443.883150584 679517312 137862336
1785320444.893098306 679517888 137862336
1785320445.902964206 679516352 137862336
1785320446.912707133 679515584 137862336
