1785321922.907965064 779320704 43392
1785321923.924533898 775068288 3593088
1785321924.966773035 752531392 26154304
1785321925.998556600 733653888 45039872
1785321927.109913910 714945344 61742464
1785321928.149614976 693674880 82789952
1785321929.178334021 665199488 114706944
1785321930.285015435 644129536 136180736
1785321931.316694075 641814080 137862272
1785321932.325556794 641755712 137862272
1785321933.334124323 641667840 137862272
1785321934.368663521 641480768 137862272
1785321935.390294034 641081856 137862272
1785321936.403323066 640935872 137862272
1785321937.426645275 640907968 137862272
1785321938.690381470 640874176 137862272
1785321939.703917944 640703232 137862272
1785321940.735236147 640315456 137862272
1785321941.744044340 640199936 137862272
1785321942.752516063 640127488 137862272
1785321943.760796400 639970752 137862272
1785321944.770329980 639580800 137862272
1785321945.782672728 638021184 137862272
1785321946.794234091 637516928 137862272
1785321947.804804889 637435904 137862272
1785321948.813828017 637404864 137862272
1785321949.822930948 637274944 137862272
1785321950.832909566 637024448 137862272
1785321951.846644172 636920064 137862272
1785321952.861526105 636704640 137862272
1785321953.873820752 636444096 137862272
1785321954.884590099 635829696 137862272
1785321955.892082420 634400000 137862272
1785321956.899776335 632095104 137862272
1785321957.909552655 633161536 137862272
1785321958.920271635 633151872 137862272
1785321959.927082344 632731520 137862272
1785321960.934386703 632727232 137862272
1785321961.941285185 627885504 137996160
1785321962.948764483 627507456 137996224
1785321963.957180553 530080448 137996224
1785321964.967124228 525216640 137996224
1785321965.974560455 519851200 137996224
1785321966.981820303 514279744 137996224
1785321967.989256178 509130112 137996224
1785321968.996629142 524016832 137996224
1785321970.003729443 414706496 137996224
1785321971.015069494 331084736 137996288
1785321972.099297305 329123584 137996288
1785321973.293789115 325304320 137996480
1785321974.329392596 324355648 137996480
1785321975.337502340 323895104 137996480
1785321976.344888168 321962176 137997760
1785321977.352300620 321755008 137997760
1785321978.359189534 321734784 137997760
1785321979.366650720 321643136 137997760
1785321980.373197405 321597824 137997760
1785321981.379847126 321420544 137997760
1785321982.386666347 321992960 137997760
1785321983.393542590 321978560 137997760
1785321984.399940990 321810944 137997760
1785321985.406674677 321670784 137997760
1785321986.414366513 320454336 137997760
1785321987.426524396 319615488 137997760
1785321988.434187112 318457216 137997760
1785321989.441766055 319155776 137997760
1785321990.448788950 318757888 137997760
1785321991.455876259 318334464 137997760
1785321992.463457249 317264320 137997760
1785321993.471376470 313597952 138131648
1785321994.479137328 313586176 138131648
1785321995.486140767 313515904 138131648
1785321996.493068720 313489024 138131648
1785321997.499852070 313461760 138131648
1785321998.506774840 313450624 138131648
1785321999.514316119 313439680 138131648
1785322000.521704092 313262208 138131648
1785322001.528846503 313258560 138131648
1785322002.535668348 313240128 138131648
1785322003.542677611 312319104 138131648
1785322004.550056623 309852224 138131648
1785322005.556875491 309849536 138131648
1785322006.563582427 309848576 138131648
1785322007.570263988 309847424 138131648
1785322008.576887726 309846656 138131648
1785322009.583458346 309845696 138131648
1785322010.590047045 309839936 138131648
1785322011.596651328 309835904 138131648
1785322012.603364919 309831680 138131648
1785322013.610264522 309807680 138131648
1785322014.617156193 309794432 138131648
1785322015.623907645 309773696 138131648
1785322016.630697112 309752384 138131648
1785322017.637903878 309739584 138131648
1785322018.645615143 309580224 138131648
1785322019.653370853 309568320 138131648
1785322020.660845388 309454272 138131648
1785322021.668824261 309378560 138131648
1785322022.676644610 309373376 138131648
1785322023.684415009 308319104 138131648
1785322024.692124833 306273408 138131648
1785322025.699113142 306281664 138131648
1785322026.706113995 306289728 138131648
1785322027.713038049 306216768 138131648
1785322028.719984472 306097984 138131648
1785322029.727136136 306682304 138131648
1785322030.734161660 305411072 138131648
1785322031.741176624 304913984 138131648
1785322032.748357343 304019200 138131648
1785322033.755594893 303131968 138131648
1785322034.763144690 302791040 138131648
1785322035.770450718 302169600 138131648
1785322036.777666029 301751744 138131648
1785322037.784979480 301189312 138131648
1785322038.792478399 300132672 138131648
1785322039.800267197 300052608 138131648
1785322040.807686181 299866304 138131648
1785322041.815064431 299397056 138131648
1785322042.822609556 299493376 138131648
1785322043.830150969 300880000 138131648
1785322044.837428902 300969088 138131648
1785322045.845014889 300462336 138131648
1785322046.852190361 300439488 138131648
1785322047.859374088 300384768 138131648
1785322048.866632790 300218496 138131648
1785322049.873686249 300213376 138131648
1785322050.881225870 437519936 312768
1785322051.888580473 437514176 312768
1785322052.895291253 437509376 312768
1785322053.901969651 436270208 312768
1785322054.908625906 436724032 312768
1785322055.915310895 435876480 312768
1785322056.922042956 435637760 312768
1785322057.929189564 435632576 312768
1785322058.935771005 435627776 312768
1785322059.942345886 435622976 312768
1785322060.949151640 435619904 312768
1785322061.955743033 435617600 312768
1785322062.962347481 435615296 312768
1785322063.968897850 435613760 312768
1785322064.975568280 435552768 312768
1785322065.982273365 435548352 312768
1785322066.989018865 435540480 312768
1785322067.995674096 435533376 312768
1785322069.002205138 435528192 312768
1785322070.008567737 435523392 312768
1785322071.015498064 435521472 312768
1785322072.022220812 435516864 312768
1785322073.028782029 435511872 312768
1785322074.035250897 435505920 312768
1785322075.041863281 434443072 312768
1785322076.048381492 435438528 312768
1785322077.054969137 435433536 312768
1785322078.061487983 435428544 312768
1785322079.067980142 435423552 312768
1785322080.074680742 435417024 312768
1785322081.081530298 435412032 312768
1785322082.087936284 435406848 312768
1785322083.094374204 435070848 312768
1785322084.101130611 435054336 312768
1785322085.108079525 434976512 312768
1785322086.114992535 434974016 312768
1785322087.121519957 434969984 312768
1785322088.127959348 434964608 312768
1785322089.134623214 434959808 312768
1785322090.141331719 434954432 312768
1785322091.147989280 434949632 312768
1785322092.154435681 434944640 312768
1785322093.160916479 434939648 312768
1785322094.167307777 434934656 312768
1785322095.173883773 434929856 312768
1785322096.180383548 434925056 312768
1785322097.186901882 434920256 312768
1785322098.193392056 434914880 312768
1785322099.199862455 434909888 312768
1785322100.206405173 434904320 312768
1785322101.212825589 434899136 312768
1785322102.219520302 434894528 312768
1785322103.226101290 434892224 312768
1785322104.232532363 434888000 312768
1785322105.239084424 434882624 312768
1785322106.246547274 434877248 312768
1785322107.253135846 434871680 312768
1785322108.259531399 434866304 312768
1785322109.266033318 434861312 312768
1785322110.272359273 434856128 312768
1785322111.278768874 434852096 312768
1785322112.285199051 434847488 312768
1785322113.291648394 434835776 312768
1785322114.298119594 434834432 312768
1785322115.304781220 434772032 312768
1785322116.311377471 434770880 312768
1785322117.318075064 434769728 312768
1785322118.324645556 434768576 312768
1785322119.331274127 434766656 312768
1785322120.337867467 434762048 312768
1785322121.344420455 434758016 312768
1785322122.350906022 434753984 312768
1785322123.357461667 434750528 312768
1785322124.363961025 434745536 312768
1785322125.370421281 434741888 312768
1785322126.376928799 434727168 312768
1785322127.383640280 434723520 312768
1785322128.390226580 434719296 312768
1785322129.396753233 434715264 312768
1785322130.403339821 434711232 312768
1785322131.409958184 434702208 312768
1785322132.416502757 434698176 312768
1785322133.423063906 434694336 312768
1785322134.429732539 434690304 312768
1785322135.436247545 434687040 312768
1785322136.442951634 434682816 312768
1785322137.449634795 434679168 312768
1785322138.456275398 434674176 312768
