1785320284.329288491 762685248 43968
1785320285.340888969 745012288 11978624
1785320286.365818656 709333504 48078784
1785320287.402565020 666604864 97734528
1785320288.439415093 639941056 123771712
1785320289.457191775 630028992 137862848
1785320290.468811133 629883072 137862848
1785320291.495669819 628265472 137862848
1785320292.533594741 627900032 137862848
1785320293.558780004 627608192 137862848
1785320294.569185158 627337152 137862848
1785320295.588589759 627259456 137862848
1785320296.598083868 627192320 137862848
1785320297.607287714 627149888 137862848
1785320298.616455240 626810112 137862848
1785320299.625851399 626658624 137862848
1785320300.646888337 626585280 137862848
1785320301.672793228 626579008 137862848
1785320302.688704812 626563904 137862848
1785320303.711830872 626538240 137862848
1785320304.724327517 626455488 137862848
1785320305.738145242 626277568 137862848
1785320306.749941326 626119360 137862848
1785320307.761969341 626035904 137862848
1785320308.772551606 625970688 137862848
1785320309.806922872 625832576 137862848
1785320310.819539414 625712832 137862848
1785320311.832401613 624199040 137862848
1785320312.847841368 623832576 137862848
1785320313.861071908 623477248 137862848
1785320314.871176651 623422720 137862848
1785320315.881660136 623378368 137862848
1785320316.892560632 623139008 137862848
1785320317.904803233 622942784 137862848
1785320318.916476762 622761728 137862848
1785320319.932945639 622294848 137862848
1785320320.944652320 621285952 137862848
1785320321.955686028 620021952 137862848
1785320322.973600367 618015040 137862848
1785320323.984269510 616345856 137862848
1785320324.994911037 616340864 137862848
1785320326.004702190 616337280 137862848
1785320327.014763702 615868352 137862848
1785320328.024693315 614646016 137862848
1785320329.035209310 611028992 137996800
1785320330.046825625 574826816 137996800
1785320331.057742504 459358400 137996800
1785320332.068595098 466158528 137996800
1785320333.078944506 460315840 137996800
1785320334.089223420 459523456 137996800
1785320335.099600572 468625920 137996800
1785320336.110094007 377583424 137996800
1785320337.122225892 275210304 137996864
1785320338.151717972 274887680 137996864
1785320339.207501924 272752704 137997056
1785320340.225276683 271942400 137997056
1785320341.238055556 271479552 137997056
1785320342.248342982 270201216 137998336
1785320343.259001853 268942656 137998336
1785320344.269269952 269963008 137998336
1785320345.279496708 269594432 137998336
1785320346.289963072 269556544 137998336
1785320347.300486747 269813888 137998336
1785320348.312032600 269386368 137998336
1785320349.322167487 269531264 137998336
1785320350.332209768 269630016 137998336
1785320351.342252177 269536704 137998336
1785320352.352032898 269274560 137998336
1785320353.362105802 267240960 137998336
1785320354.372112884 267364224 137998336
1785320355.382021889 267499520 137998336
1785320356.391827569 266838080 137998336
1785320357.401494629 266726656 137998336
1785320358.411481616 266314432 137998336
1785320359.421451579 265289344 137998336
1785320360.431646880 261814080 138132224
1785320361.441429073 261777856 138132224
1785320362.450785998 261776064 138132224
1785320363.460271431 261748224 138132224
1785320364.469926460 261665088 138132224
1785320365.479719596 261637248 138132224
1785320366.489379136 261634368 138132224
1785320367.499232815 261463104 138132224
1785320368.508790694 261458880 138132224
1785320369.518345693 261450560 138132224
1785320370.528055920 260771648 138132224
1785320371.537829424 258025920 138132224
1785320372.547300734 258024768 138132224
1785320373.556628561 257982528 138132224
1785320374.566066976 257911232 138132224
1785320375.575529102 257899136 138132224
1785320376.584784195 257896768 138132224
1785320377.594085686 257892736 138132224
1785320378.603285325 257876416 138132224
1785320379.612422373 257872384 138132224
1785320380.621846548 257869696 138132224
1785320381.631618938 257857024 138132224
1785320382.641663319 257837056 138132224
1785320383.651447741 257816704 138132224
1785320384.661625910 257795776 138132224
1785320385.671961515 257670592 138132224
1785320386.681827534 257619328 138132224
1785320387.691808845 257607616 138132224
1785320388.701224765 257464384 138132224
1785320389.710722538 257455488 138132224
1785320390.720406098 254112704 138132224
1785320391.730310228 254404224 138132224
1785320392.739697893 254425600 138132224
1785320393.748922075 256547968 138132224
1785320394.758544324 254468608 138132224
1785320395.768161678 254373696 138132224
1785320396.777718426 254255808 138132224
1785320397.787216520 253906432 138132224
1785320398.796751060 253577152 138132224
1785320399.806615223 253478016 138132224
1785320400.816510969 252222208 138132224
1785320401.826461497 251306304 138132224
1785320402.836394234 250957504 138132224
1785320403.846411160 250378624 138132224
1785320404.856124287 249812672 138132224
1785320405.866170749 249431488 138132224
1785320406.876414740 248245632 138132224
1785320407.886667372 248171200 138132224
1785320408.896395602 248159872 138132224
1785320409.905922271 247750720 138132224
1785320410.915760771 247845632 138132224
1785320411.925331694 247868608 138132224
1785320412.934297131 247736512 138132224
1785320413.943455683 247793024 138132224
1785320414.954280745 247432640 138132224
1785320415.964268040 247545664 138132224
1785320416.974231496 247589504 138132224
1785320417.984522847 247708736 138132224
1785320418.994143336 289037440 99470912
1785320420.004507101 385429440 313344
1785320421.014247907 385428288 313344
1785320422.023526263 385426752 313344
1785320423.032896552 385417152 313344
1785320424.042010849 385415424 313344
1785320425.051282837 384440192 313344
1785320426.060878080 384423040 313344
1785320427.070551368 384420928 313344
1785320428.079764094 384411136 313344
1785320429.088992915 384408448 313344
1785320430.098329446 383942144 313344
1785320431.107520060 383939456 313344
1785320432.116751506 383936384 313344
1785320433.125794349 383925632 313344
1785320434.134920261 383874176 313344
1785320435.144045246 383870784 313344
1785320436.153257651 383820224 313344
1785320437.162456676 383817344 313344
1785320438.171722547 383814272 313344
1785320439.180892677 383803328 313344
1785320440.189938235 383800640 313344
1785320441.199054191 383797760 313344
1785320442.208264928 383794880 313344
1785320443.217315093 383792000 313344
1785320444.226380554 383780992 313344
1785320445.235470239 383778304 313344
1785320446.244568658 383775424 313344
1785320447.253718885 383772288 313344
1785320448.262520194 383769408 313344
1785320449.271378589 383766528 313344
1785320450.280448242 383755392 313344
1785320451.289399979 383752704 313344
1785320452.298344867 383750016 313344
1785320453.307503478 383746944 313344
1785320454.316803716 383744256 313344
1785320455.325888824 383733312 313344
1785320456.335022156 383730240 313344
1785320457.344097376 383727296 313344
1785320458.353227988 383724608 313344
1785320459.362201771 383721536 313344
1785320460.371128548 383710592 313344
1785320461.380119196 383707904 313344
1785320462.389075444 383704832 313344
1785320463.398172936 383727488 313344
1785320464.407132417 383724800 313344
1785320465.416181814 383722496 313344
1785320466.425242379 383637632 313344
1785320467.434290881 383639168 313344
1785320468.443394261 383635840 313344
1785320469.452516776 383635776 313344
1785320470.461672474 383631936 313344
1785320471.470851500 383627328 313344
1785320472.479922497 383623104 313344
1785320473.488892985 383619392 313344
1785320474.498016684 383615552 313344
1785320475.507632657 383612288 313344
1785320476.516767428 383608640 313344
1785320477.525771611 383604224 313344
1785320478.534820401 383600384 313344
1785320479.543791048 383596160 313344
1785320480.552735361 383591744 313344
1785320481.561700729 383595968 313344
1785320482.570767470 383591936 313344
1785320483.579809828 383587328 313344
1785320484.588901880 383583296 313344
1785320485.597814802 383580672 313344
1785320486.606946149 383577600 313344
1785320487.615888574 383573376 313344
1785320488.624915828 383569536 313344
1785320489.633965642 383565312 313344
1785320490.643125628 383560896 313344
1785320491.652027350 383557056 313344
1785320492.660965743 383552640 313344
1785320493.670153888 383494272 313344
1785320494.679250069 383489152 313344
1785320495.688558786 383484544 313344
1785320496.698542108 383480512 313344
1785320497.707793068 383476480 313344
1785320498.716866465 383472064 313344
1785320499.726250479 383468608 313344
1785320500.735717644 383465344 313344
1785320501.744970094 383462656 313344
1785320502.754507369 383459392 313344
1785320503.764149505 383456896 313344
1785320504.850533956 383460544 313344
1785320505.859725865 383460928 313344
1785320506.869035659 383457856 313344
