1785313260.744657139 763472320 43392
1785313261.753883885 752642368 10787328
1785313262.766954518 747758720 15790336
1785313263.777797281 747509184 15790336
1785313264.796609858 744414336 15790336
1785313265.825472797 743848192 15790336
1785313266.840448815 743506752 15790336
1785313267.856352422 743351872 15790336
1785313268.864233447 743334528 15790336
1785313269.873825974 743295168 15790336
1785313270.884808891 743250752 15790336
1785313271.900222061 743118592 15790336
1785313272.915913687 743020096 15790336
1785313273.939059878 742988096 15790336
1785313274.966774256 742965952 15790336
1785313275.999123793 742960576 15790336
1785313277.016002713 742938240 15790336
1785313278.027725271 742801344 15790336
1785313279.046936922 742679808 15790336
1785313280.071587069 742627136 15790336
1785313281.092388625 742572224 15790336
1785313282.134649393 742492032 15790336
1785313283.144175215 742392512 15790336
1785313284.153800427 742264192 15790336
1785313285.164862717 741953792 15790336
1785313286.177048878 740663744 15790336
1785313287.187138844 740158080 15790336
1785313288.198057042 740082304 15790336
1785313289.207193053 740071360 15790336
1785313290.216094190 739972288 15790336
1785313291.226133214 739724992 15790336
1785313292.238608614 739629376 15790336
1785313293.252926488 739401088 15790336
1785313294.262391033 739080640 15790336
1785313295.271358376 738583744 15790336
1785313296.280523025 736936704 15790336
1785313297.289141803 734519232 15790336
1785313298.297486125 733110464 15790336
1785313299.305493304 733107456 15790336
1785313300.313649983 732822016 15790336
1785313301.321738728 731618624 15790336
1785313302.330367777 728137344 15924288
1785313303.342633263 726195392 15924288
1785313304.357179579 709220928 15924544
1785313305.367170764 392613824 15924544
1785313306.378413081 392079616 15924544
1785313307.395388189 390520832 15924544
1785313308.405049048 388800768 15924544
1785313309.425020837 388389184 15924544
1785313310.433105870 386798976 15925824
1785313311.441358514 386908864 15925824
1785313312.448779118 387028544 15925824
1785313313.455661403 386875200 15925824
1785313314.462461065 386821184 15925824
1785313315.469527473 387067200 15925824
1785313316.476920110 386639936 15925824
1785313317.483968725 386777664 15925824
1785313318.490993149 386890944 15925824
1785313319.498041669 386750784 15925824
1785313320.504949296 386921088 15925824
1785313321.513084440 385099264 15925824
1785313322.520815692 385062464 15925824
1785313323.528364549 384668224 15925824
1785313324.536058361 384172864 15925824
1785313325.543889258 379664768 16059712
1785313326.552298985 379617984 16059712
1785313327.559744549 379598784 16059712
1785313328.566967463 379584128 16059712
1785313329.574155211 379506432 16059712
1785313330.581374733 379484544 16059712
1785313331.588591536 379480128 16059712
1785313332.595833841 376819328 16059712
1785313333.603190640 376807872 16059712
1785313334.610401555 376804608 16059712
1785313335.617959019 376787392 16059712
1785313336.625208338 376782080 16059712
1785313337.632465785 376654400 16059712
1785313338.639567749 376648448 16059712
1785313339.646803276 376501248 16059712
1785313340.654014228 376480896 16059712
1785313341.661509460 376085888 16059712
1785313342.669252077 374851328 16059712
1785313343.676820075 373993408 16059712
1785313344.684339498 373519936 16059712
1785313345.691989445 372952384 16059712
1785313346.699810491 371814272 16059712
1785313347.707989479 371278528 16059712
1785313348.715797310 371211328 16059712
1785313349.723550550 370036480 16059712
1785313350.732204532 370675072 16059712
1785313351.740313090 370785984 16059712
1785313352.748412784 370859136 16059712
1785313353.756695929 370991424 16059712
1785313354.766485878 370652160 16059712
1785313355.774352299 370763840 16059712
1785313356.782000998 370760384 16059712
1785313357.790322254 370597568 16059712
1785313358.798432668 370645568 16059712
1785313359.806771683 386492224 312768
1785313360.814206116 386551616 312768
1785313361.821347119 385671040 312768
1785313362.829069992 385661056 312768
1785313363.836208306 385657408 312768
1785313364.843222368 385653568 312768
1785313365.850046548 385652224 312768
1785313366.857117568 385641664 312768
1785313367.864114190 385579456 312768
1785313368.870959105 385577728 312768
1785313369.877822676 385575872 312768
1785313370.884647527 385573952 312768
1785313371.891452411 385572224 312768
1785313372.898184434 385562240 312768
1785313373.905231839 385560320 312768
1785313374.912112017 385558592 312768
1785313375.918971427 385556672 312768
1785313376.925718681 385554752 312768
1785313377.932513774 385553024 312768
1785313378.939318594 385543040 312768
1785313379.946197812 385541120 312768
1785313380.953047366 385538240 312768
1785313381.959903417 385535104 312768
1785313382.966703949 385179136 312768
1785313383.973566240 385580480 312768
1785313384.980391667 385577216 312768
1785313385.987152489 385574144 312768
1785313386.994103224 385570880 312768
1785313388.001240579 385567808 312768
1785313389.008360174 385564736 312768
1785313390.015395195 385561856 312768
1785313391.022560037 385550784 312768
1785313392.029571251 385547520 312768
1785313393.036618304 385544448 312768
1785313394.043761674 385541184 312768
1785313395.050695610 385537152 312768
1785313396.057816581 385534080 312768
1785313397.064748918 385521792 312768
1785313398.072762823 385501248 312768
1785313399.079875762 385501056 312768
1785313400.086976925 385501056 312768
1785313401.093972993 385386048 312768
1785313402.101013535 385390848 312768
1785313403.107997087 385390656 312768
1785313404.114977151 385390912 312768
1785313405.121894688 385390144 312768
1785313406.128698053 385390144 312768
1785313407.135642310 385389568 312768
1785313408.142489226 385388992 312768
1785313409.149345357 385388032 312768
1785313410.156225584 385386304 312768
1785313411.163126610 385384192 312768
1785313412.170176048 385382272 312768
1785313413.177152400 385382272 312768
1785313414.184196494 385381504 312768
1785313415.191129903 385380736 312768
1785313416.198042352 385360896 312768
1785313417.204984305 385360128 312768
1785313418.211893875 385351872 312768
1785313419.219103564 385351296 312768
1785313420.226241479 385350720 312768
1785313421.233241511 385350144 312768
1785313422.240251397 385345536 312768
1785313423.247098217 385344960 312768
1785313424.254299298 385343616 312768
1785313425.261439549 385335360 312768
1785313426.268443836 385263808 312768
1785313427.275553016 385212928 312768
