1785312928.095502603 805579328 43392
1785312929.109697185 791888512 13498176
1785312930.125913308 790196864 15792128
1785312931.151259946 789437696 15792128
1785312932.236831087 788288192 15792128
1785312933.258348558 787994048 15792128
1785312934.275175479 787821504 15792128
1785312935.289514537 787705984 15792128
1785312936.299900418 787654144 15792128
1785312937.309709059 787601984 15792128
1785312938.319750110 787231936 15792128
1785312939.336196410 787105792 15792128
1785312940.358820285 787003264 15792128
1785312941.386125971 786988160 15792128
1785312942.420066565 786974528 15792128
1785312943.437111790 786962240 15792128
1785312944.475858832 786894656 15792128
1785312945.497810087 786678656 15792128
1785312946.564972537 786504448 15792128
1785312947.577367437 786414144 15792128
1785312948.592871877 786360576 15792128
1785312949.619894117 786132160 15792128
1785312950.632915687 785866688 15792128
1785312951.647026632 784427264 15792128
1785312952.659176676 783972224 15792128
1785312953.670066021 783756096 15792128
1785312954.678788167 783730368 15792128
1785312955.687569256 783656064 15792128
1785312956.697463399 783400128 15792128
1785312957.711176628 783310144 15792128
1785312958.724559403 783079552 15792128
1785312959.735508427 782758208 15792128
1785312960.745464360 781954304 15792128
1785312961.755776891 780453248 15792128
1785312962.765635291 776703360 15792128
1785312963.775564537 776635456 15792128
1785312964.784302011 776619456 15792128
1785312965.793718280 776456128 15792128
1785312966.802849982 776455552 15792128
1785312967.811199115 771827712 15926016
1785312968.820669015 771570624 15926080
1785312969.833127178 747177344 15926080
1785312970.843118630 436937984 15926080
1785312971.854564439 435064704 15926144
1785312972.870003312 433528704 15926336
1785312973.884767870 431673984 15926336
1785312974.899819875 431016704 15926336
1785312975.909603686 429301056 15927616
1785312976.919038931 429308416 15927616
1785312977.927810643 429425664 15927616
1785312978.935998405 429266752 15927616
1785312979.944998559 428179648 15927616
1785312980.953377836 429396992 15927616
1785312981.964835804 428977344 15927616
1785312982.972828660 429187264 15927616
1785312983.980842123 429263488 15927616
1785312984.988696231 429145408 15927616
1785312985.996319562 429062720 15927616
1785312987.004754805 427456704 15927616
1785312988.013889867 427295104 15927616
1785312989.022823430 426881024 15927616
1785312990.032011195 426396608 15927616
1785312991.041568356 422078784 16061504
1785312992.051256841 422027264 16061504
1785312993.060211588 421950656 16061568
1785312994.068961254 421934784 16061504
1785312995.077826755 421850304 16061504
1785312996.086458088 421824832 16061504
1785312997.095120108 421812352 16061504
1785312998.103800688 419096000 16061504
1785312999.112465683 419091968 16061504
1785313000.121547371 419087744 16061504
1785313001.131052397 419067584 16061504
1785313002.139989861 419054720 16061504
1785313003.148739010 419007872 16061504
1785313004.157363779 418997312 16061504
1785313005.166597554 418880896 16061504
1785313006.176076218 418868160 16061504
1785313007.186248876 416437248 16061504
1785313008.195838129 417559680 16061504
1785313009.205337240 416417472 16061504
1785313010.214879101 415896128 16061504
1785313011.224309799 415241984 16061504
1785313012.233881387 413901952 16061504
1785313013.243716008 413606720 16061504
1785313014.253383882 413567488 16061504
1785313015.263017901 413388480 16061504
1785313016.273752560 412940992 16061504
1785313017.282113080 413070016 16061504
1785313018.290114027 413116800 16061504
1785313019.298686414 413222400 16061504
1785313020.307352174 412925248 16061504
1785313021.316480512 412428160 16061504
1785313022.324657646 412818112 16061504
1785313023.333491593 412651584 16061504
1785313024.342101706 412747904 16061504
1785313025.351888553 428316032 312768
1785313026.361107704 427902592 312768
1785313027.370166444 427645888 312768
1785313028.379296478 427644544 312768
1785313029.387666438 427314560 312768
1785313030.395817781 427311488 312768
1785313031.403887815 427370368 312768
1785313032.411887546 427364928 312768
1785313033.420029321 427360512 312768
1785313034.428295381 427355904 312768
1785313035.436384070 427351104 312768
1785313036.444414520 427346112 312768
1785313037.452484970 427342464 312768
1785313038.460376576 427336704 312768
1785313039.468371188 427332864 312768
1785313040.476333545 427329408 312768
1785313041.485108677 427324608 312768
1785313042.493360401 427319808 312768
1785313043.501585054 427315200 312768
1785313044.509656815 427311168 312768
1785313045.517713473 427307520 312768
1785313046.525700437 427304256 312768
1785313047.533916610 427299840 312768
1785313048.542017011 427295424 312768
1785313049.549984327 427291008 312768
1785313050.558006650 427286976 312768
1785313051.566150793 427282368 312768
1785313052.574175356 427278912 312768
1785313053.582503974 427248384 312768
1785313054.590948204 427244544 312768
1785313055.599376114 427240320 312768
1785313056.607832856 427236288 312768
1785313057.616331901 427232640 312768
1785313058.624702694 427228608 312768
1785313059.632876244 427224576 312768
1785313060.641280796 427220736 312768
1785313061.649278319 427216128 312768
1785313062.657413790 427211328 312768
1785313063.665647563 427207104 312768
1785313064.673725308 427202112 312768
1785313065.681685587 427197696 312768
1785313066.689881890 427193472 312768
1785313067.698069424 427188480 312768
1785313068.706268319 427183872 312768
1785313069.714374544 427179456 312768
1785313070.722293766 427174656 312768
1785313071.730254780 427169856 312768
1785313072.738255184 427165440 312768
1785313073.746386592 427160640 312768
1785313074.754495217 427156032 312768
1785313075.762687296 427151424 312768
1785313076.770638710 427146816 312768
1785313077.778530414 427142016 312768
1785313078.786520482 427137408 312768
1785313079.794316541 427131840 312768
1785313080.802201909 427126464 312768
1785313081.810239816 427121664 312768
1785313082.818298970 427116096 312768
1785313083.826486505 427083072 312768
1785313084.834387680 427078656 312768
1785313085.842527600 427073664 312768
1785313086.850620546 427069056 312768
1785313087.858390493 427064640 312768
1785313088.866152984 427059840 312768
1785313089.874298920 426972544 312768
1785313090.882525110 426885440 312768
1785313091.890573544 426880640 312768
1785313092.898576892 426875840 312768
